10.01,40.01,5.01
10.244,39.784,5.2769
10.57,39.462,5.6492
10.932,39.101,6.063
11.307,38.726,6.4915
11.684,38.348,6.9232
12.061,37.972,7.3534
12.434,37.598,7.7801
12.803,37.229,8.2025
13.168,36.863,8.6203
13.53,36.502,9.0334
13.887,36.144,9.4417
14.239,35.791,9.8453
14.588,35.442,10.244
14.933,35.097,10.638
15.273,34.756,11.028
15.61,34.419,11.413
15.942,34.087,11.794
16.271,33.758,12.17
16.595,33.433,12.541
16.915,33.113,12.908
17.232,32.796,13.271
17.544,32.483,13.629
17.852,32.175,13.983
18.156,31.871,14.332
18.456,31.571,14.676
18.751,31.275,15.016
19.042,30.984,15.352
19.328,30.697,15.683
19.609,30.416,16.009
19.885,30.14,16.329
20.155,29.87,16.645
20.417,29.607,16.955
20.672,29.353,17.258
20.917,29.107,17.555
21.15,28.874,17.844
21.368,28.657,18.124
21.564,28.461,18.393
21.731,28.294,18.651
21.859,28.167,18.894
21.936,28.091,19.125
21.955,28.074,19.347
21.924,28.108,19.569
21.867,28.168,19.805
21.812,28.225,20.06
21.778,28.263,20.337
21.767,28.276,20.634
21.779,28.267,20.949
21.81,28.239,21.281
21.858,28.194,21.627
21.922,28.132,21.986
22.004,28.053,22.355
22.103,27.956,22.732
22.221,27.84,23.111
22.357,27.706,23.491
22.511,27.553,23.866
22.682,27.384,24.234
22.867,27.2,24.593
23.065,27.003,24.94
23.273,26.795,25.274
23.49,26.579,25.595
23.712,26.357,25.902
23.939,26.13,26.196
24.169,25.9,26.478
24.4,25.669,26.749
24.632,25.437,27.009
24.864,25.205,27.259
25.094,24.974,27.5
25.323,24.745,27.734
25.55,24.518,27.96
25.774,24.292,28.18
25.997,24.069,28.394
26.217,23.848,28.603
26.435,23.63,28.806
26.65,23.414,29.006
26.862,23.201,29.201
27.072,22.991,29.393
27.28,22.783,29.581
27.485,22.577,29.766
27.687,22.374,29.947
27.887,22.173,30.126
28.084,21.975,30.302
28.279,21.78,30.475
28.472,21.586,30.646
28.662,21.395,30.814
28.85,21.207,30.98
29.036,21.02,31.143
29.22,20.836,31.304
29.401,20.654,31.464
29.58,20.474,31.621
29.757,20.297,31.776
29.932,20.121,31.929
30.105,19.948,32.08
30.276,19.776,32.229
30.444,19.607,32.376
30.611,19.44,32.522
30.776,19.274,32.666
30.939,19.111,32.808
31.1,18.949,32.948
31.259,18.789,33.086
31.416,18.632,33.223
31.572,18.476,33.359
31.725,18.322,33.492
31.877,18.169,33.624
32.027,18.019,33.755
32.176,17.87,33.884
32.322,17.723,34.011
32.467,17.577,34.137
32.61,17.433,34.261
32.752,17.291,34.384
32.892,17.151,34.506
33.03,17.012,34.626
33.167,16.875,34.745
33.302,16.739,34.862
33.436,16.605,34.978
33.568,16.473,35.093
33.698,16.342,35.206
33.827,16.212,35.318
33.955,16.084,35.429
34.081,15.958,35.538
34.206,15.833,35.646
34.329,15.709,35.753
34.451,15.587,35.859
34.571,15.466,35.963
34.69,15.347,36.066
34.808,15.229,36.168
34.924,15.112,36.269
35.039,14.996,36.369
35.152,14.882,36.467
35.265,14.77,36.565
35.376,14.658,36.661
35.486,14.548,36.756
35.594,14.439,36.85
35.701,14.332,36.943
35.807,14.225,37.035
35.912,14.12,37.126
36.016,14.016,37.216
36.118,13.913,37.305
36.22,13.811,37.393
36.32,13.711,37.479
36.419,13.612,37.565
36.517,13.513,37.65
36.613,13.416,37.734
36.709,13.32,37.817
36.803,13.226,37.899
36.897,13.132,37.98
36.989,13.039,38.06
37.081,12.947,38.139
37.171,12.857,38.217
37.26,12.767,38.294
37.348,12.679,38.371
37.436,12.591,38.446
37.522,12.505,38.521
37.607,12.419,38.595
37.691,12.335,38.668
37.775,12.251,38.74
37.857,12.168,38.812
37.938,12.087,38.882
38.019,12.006,38.952
38.098,11.926,39.021
38.177,11.847,39.089
38.255,11.769,39.156
38.332,11.692,39.223
38.408,11.616,39.289
38.483,11.54,39.354
38.557,11.466,39.418
38.631,11.392,39.482
38.703,11.319,39.545
38.775,11.247,39.607
38.846,11.176,39.668
38.916,11.106,39.729
38.985,11.036,39.789
39.054,10.967,39.849
39.122,10.899,39.907
39.189,10.832,39.965
39.255,10.766,40.023
39.32,10.7,40.079
39.385,10.635,40.136
39.449,10.571,40.191
39.512,10.507,40.246
39.575,10.445,40.3
39.636,10.383,40.354
39.698,10.321,40.406
39.758,10.261,40.459
39.818,10.201,40.511
39.877,10.141,40.562
39.935,10.083,40.612
39.993,10.025,40.662
40.05,9.9677,40.712
40.106,9.9111,40.761
40.162,9.8551,40.809
40.217,9.7998,40.857
40.272,9.7451,40.904
40.326,9.6911,40.95
40.379,9.6376,40.997
40.431,9.5848,41.042
40.483,9.5326,41.087
40.535,9.4809,41.132
40.586,9.4299,41.176
40.636,9.3794,41.22
40.686,9.3295,41.263
40.735,9.2802,41.305
40.784,9.2314,41.347
40.832,9.1832,41.389
40.879,9.1356,41.43
40.926,9.0885,41.471
40.972,9.0419,41.511
41.018,8.9959,41.551
41.064,8.9503,41.59
41.108,8.9053,41.629
41.153,8.8609,41.667
41.197,8.8169,41.705
41.24,8.7734,41.743
41.283,8.7304,41.78
41.325,8.6879,41.817
41.367,8.6459,41.853
41.408,8.6044,41.889
41.449,8.5633,41.924
41.49,8.5227,41.959
41.53,8.4826,41.994
41.569,8.4429,42.028
41.608,8.4037,42.062
41.647,8.365,42.095
41.685,8.3266,42.128
41.723,8.2887,42.161
41.76,8.2513,42.193
41.797,8.2142,42.225
41.834,8.1776,42.257
41.87,8.1414,42.288
41.905,8.1057,42.319
41.941,8.0703,42.35
41.975,8.0353,42.38
42.01,8.0007,42.41
42.044,7.9666,42.439
42.078,7.9328,42.468
42.111,7.8994,42.497
42.144,7.8663,42.526
42.176,7.8337,42.554
42.208,7.8014,42.582
42.24,7.7695,42.609
42.272,7.738,42.637
42.303,7.7068,42.663
42.334,7.676,42.69
42.364,7.6455,42.716
42.394,7.6153,42.742
42.424,7.5856,42.768
42.453,7.5561,42.794
42.482,7.527,42.819
42.511,7.4982,42.844
42.539,7.4698,42.868
42.567,7.4416,42.892
42.595,7.4138,42.916
42.622,7.3863,42.94
42.649,7.3591,42.964
42.676,7.3323,42.987
42.702,7.3057,43.01
42.729,7.2795,43.032
42.754,7.2535,43.055
42.78,7.2278,43.077
42.805,7.2025,43.099
42.83,7.1774,43.12
42.855,7.1526,43.142
42.879,7.1281,43.163
42.904,7.1038,43.184
42.927,7.0799,43.205
42.951,7.0562,43.225
42.974,7.0328,43.245
42.998,7.0096,43.265
43.02,6.9867,43.285
43.043,6.9641,43.305
43.065,6.9417,43.324
43.087,6.9196,43.343
43.109,6.8977,43.362
43.131,6.8761,43.381
43.152,6.8548,43.399
43.173,6.8336,43.417
43.194,6.8128,43.435
43.214,6.7921,43.453
43.235,6.7717,43.471
43.255,6.7515,43.488
43.275,6.7316,43.505
43.294,6.7119,43.522
43.314,6.6924,43.539
43.333,6.6731,43.556
43.352,6.654,43.572
43.371,6.6352,43.589
43.389,6.6166,43.605
43.407,6.5982,43.62
43.426,6.58,43.636
43.444,6.562,43.652
43.461,6.5442,43.667
43.479,6.5266,43.682
43.496,6.5092,43.697
43.513,6.492,43.712
43.53,6.475,43.727
43.547,6.4582,43.741
43.563,6.4416,43.756
43.58,6.4252,43.77
43.596,6.409,43.784
43.612,6.3929,43.798
43.628,6.3771,43.811
43.643,6.3614,43.825
43.659,6.3459,43.838
43.674,6.3305,43.851
43.689,6.3154,43.865
43.704,6.3004,43.877
43.719,6.2856,43.89
43.734,6.271,43.903
43.748,6.2565,43.915
43.762,6.2422,43.928
43.776,6.228,43.94
43.79,6.214,43.952
43.804,6.2002,43.964
43.818,6.1865,43.976
43.831,6.173,43.987
43.844,6.1597,43.999
43.858,6.1465,44.01
43.871,6.1334,44.022
43.883,6.1205,44.033
43.896,6.1077,44.044
43.909,6.0951,44.055
43.921,6.0827,44.065
43.933,6.0703,44.076
43.946,6.0581,44.087
43.958,6.0461,44.097
43.969,6.0342,44.107
43.981,6.0224,44.117
43.993,6.0108,44.128
44.004,5.9992,44.137
44.016,5.9879,44.147
44.027,5.9766,44.157
44.038,5.9655,44.167
44.049,5.9545,44.176
44.06,5.9436,44.185
44.07,5.9329,44.195
44.081,5.9223,44.204
44.091,5.9118,44.213
44.102,5.9014,44.222
44.112,5.8911,44.231
44.122,5.881,44.24
44.132,5.8709,44.248
44.142,5.861,44.257
44.152,5.8512,44.265
44.161,5.8415,44.274
44.171,5.8319,44.282
44.18,5.8225,44.29
44.19,5.8131,44.298
44.199,5.8038,44.306
44.208,5.7947,44.314
44.217,5.7856,44.322
44.226,5.7767,44.33
44.235,5.7678,44.337
44.244,5.7591,44.345
44.252,5.7504,44.352
44.261,5.7419,44.36
44.269,5.7334,44.367
